   0.0000000000000000        0.0000000000000000     
  -7.4074073946129786E-010  -1.1574074073896286E-011
   1.4467592622859268E-010  -8.8541666665131912E-010
  -7.4074073946129786E-010   1.1574074073896286E-011
   0.0000000000000000        0.0000000000000000     
   6.1921296254178233E-010  -2.5462962962520352E-010
   1.4467592622859268E-010   8.8541666665131912E-010
   6.1921296254178233E-010   2.5462962962520352E-010
   0.0000000000000000        0.0000000000000000     
  0.30740130917743835        0.0000000000000000     
   1.1352262329135673E-009   1.0288461634852499E-009
   5.2529719921160555E-010   8.6091312666053090E-010
   1.1352262329135673E-009  -1.0288461634852499E-009
  0.30740130906867025        0.0000000000000000     
  -1.6345038339684203E-009  -7.3008554130817765E-010
   5.2529719921160555E-010  -8.6091312666053090E-010
  -1.6345038339684203E-009   7.3008554130817765E-010
  0.30740130900754903        0.0000000000000000     
 -0.95230717464158099     
 -0.95230717410917576     
 -0.95230717438695178     
